--------------------
Cycle:1	64	ADD	R14, R2, #448

Registers
R00:	0	0	0	0	0	0	0	0	0	0	0	0	0	0	448	0
R16:	0	0	0	0	0	0	0	0	0	0	0	0	0	0	0	0

Data
152:	81	0	0	0	0	0	0

--------------------
Cycle:2	68	SUB	R3, R2, #261920

Registers
R00:	0	0	0	-261920	0	0	0	0	0	0	0	0	0	0	448	0
R16:	0	0	0	0	0	0	0	0	0	0	0	0	0	0	0	0

Data
152:	81	0	0	0	0	0	0

--------------------
Cycle:3	72	MUL	R4, R3, #261824

Registers
R00:	0	0	0	-261920	142534656	0	0	0	0	0	0	0	0	0	448	0
R16:	0	0	0	0	0	0	0	0	0	0	0	0	0	0	0	0

Data
152:	81	0	0	0	0	0	0

--------------------
Cycle:4	76	AND	R15, R4, #136

Registers
R00:	0	0	0	-261920	142534656	0	0	0	0	0	0	0	0	0	448	0
R16:	0	0	0	0	0	0	0	0	0	0	0	0	0	0	0	0

Data
152:	81	0	0	0	0	0	0

--------------------
Cycle:5	80	NOR	R6, R5, #264

Registers
R00:	0	0	0	-261920	142534656	0	-265	0	0	0	0	0	0	0	448	0
R16:	0	0	0	0	0	0	0	0	0	0	0	0	0	0	0	0

Data
152:	81	0	0	0	0	0	0

--------------------
Cycle:6	84	SLT	R7, R8, #400

Registers
R00:	0	0	0	-261920	142534656	0	-265	1	0	0	0	0	0	0	448	0
R16:	0	0	0	0	0	0	0	0	0	0	0	0	0	0	0	0

Data
152:	81	0	0	0	0	0	0

--------------------
Cycle:7	88	ADD	R11, R2, R3

Registers
R00:	0	0	0	-261920	142534656	0	-265	1	0	0	0	-261920	0	0	448	0
R16:	0	0	0	0	0	0	0	0	0	0	0	0	0	0	0	0

Data
152:	81	0	0	0	0	0	0

--------------------
Cycle:8	92	SUB	R2, R3, R4

Registers
R00:	0	0	-142796576	-261920	142534656	0	-265	1	0	0	0	-261920	0	0	448	0
R16:	0	0	0	0	0	0	0	0	0	0	0	0	0	0	0	0

Data
152:	81	0	0	0	0	0	0

--------------------
Cycle:9	96	MUL	R3, R4, R5

Registers
R00:	0	0	-142796576	0	142534656	0	-265	1	0	0	0	-261920	0	0	448	0
R16:	0	0	0	0	0	0	0	0	0	0	0	0	0	0	0	0

Data
152:	81	0	0	0	0	0	0

--------------------
Cycle:10	100	AND	R4, R5, R6

Registers
R00:	0	0	-142796576	0	0	0	-265	1	0	0	0	-261920	0	0	448	0
R16:	0	0	0	0	0	0	0	0	0	0	0	0	0	0	0	0

Data
152:	81	0	0	0	0	0	0

--------------------
Cycle:11	104	NOR	R15, R6, R7

Registers
R00:	0	0	-142796576	0	0	0	-265	1	0	0	0	-261920	0	0	448	264
R16:	0	0	0	0	0	0	0	0	0	0	0	0	0	0	0	0

Data
152:	81	0	0	0	0	0	0

--------------------
Cycle:12	108	SLT	R6, R7, R8

Registers
R00:	0	0	-142796576	0	0	0	0	1	0	0	0	-261920	0	0	448	264
R16:	0	0	0	0	0	0	0	0	0	0	0	0	0	0	0	0

Data
152:	81	0	0	0	0	0	0

--------------------
Cycle:13	112	SUB	R5, R5, #80

Registers
R00:	0	0	-142796576	0	0	-80	0	1	0	0	0	-261920	0	0	448	264
R16:	0	0	0	0	0	0	0	0	0	0	0	0	0	0	0	0

Data
152:	81	0	0	0	0	0	0

--------------------
Cycle:14	116	ADD	R5, R5, #40

Registers
R00:	0	0	-142796576	0	0	-40	0	1	0	0	0	-261920	0	0	448	264
R16:	0	0	0	0	0	0	0	0	0	0	0	0	0	0	0	0

Data
152:	81	0	0	0	0	0	0

--------------------
Cycle:15	120	BLTZ	R5, #262136

Registers
R00:	0	0	-142796576	0	0	-40	0	1	0	0	0	-261920	0	0	448	264
R16:	0	0	0	0	0	0	0	0	0	0	0	0	0	0	0	0

Data
152:	81	0	0	0	0	0	0

--------------------
Cycle:16	0	J	#0

Registers
R00:	0	0	-142796576	0	0	-40	0	1	0	0	0	-261920	0	0	448	264
R16:	0	0	0	0	0	0	0	0	0	0	0	0	0	0	0	0

Data
152:	81	0	0	0	0	0	0

--------------------
Cycle:17	170930480	

Registers
R00:	0	0	-142796576	0	0	-40	0	1	0	0	0	-261920	0	0	448	264
R16:	0	0	0	0	0	0	0	0	0	0	0	0	0	0	0	0

Data
152:	81	0	0	0	0	0	0

--------------------
Cycle:18	808464432	

Registers
R00:	0	0	-142796576	0	0	-40	0	1	0	0	0	-261920	0	0	448	264
R16:	0	0	0	0	0	0	0	0	0	0	0	0	0	0	0	0

Data
152:	81	0	0	0	0	0	0

--------------------
Cycle:19	808464689	

Registers
R00:	0	0	-142796576	0	0	-40	0	1	0	0	0	-261920	0	0	448	264
R16:	0	0	0	0	0	0	0	0	0	0	0	0	0	0	0	0

Data
152:	81	0	0	0	0	0	0

--------------------
Cycle:20	808464394	

Registers
R00:	0	0	-142796576	0	0	-40	0	1	0	0	0	-261920	0	0	448	264
R16:	0	0	0	0	0	0	0	0	0	0	0	0	0	0	0	0

Data
152:	81	0	0	0	0	0	0

--------------------
Cycle:21	808464432	

Registers
R00:	0	0	-142796576	0	0	-40	0	1	0	0	0	-261920	0	0	448	264
R16:	0	0	0	0	0	0	0	0	0	0	0	0	0	0	0	0

Data
152:	81	0	0	0	0	0	0

--------------------
Cycle:22	825241904	

Registers
R00:	0	0	-142796576	0	0	-40	0	1	0	0	0	-261920	0	0	448	264
R16:	0	0	0	0	0	0	0	0	0	0	0	0	0	0	0	0

Data
152:	81	0	0	0	0	0	0

--------------------
Cycle:23	825241648	

Registers
R00:	0	0	-142796576	0	0	-40	0	1	0	0	0	-261920	0	0	448	264
R16:	0	0	0	0	0	0	0	0	0	0	0	0	0	0	0	0

Data
152:	81	0	0	0	0	0	0

--------------------
Cycle:24	808464432	

Registers
R00:	0	0	-142796576	0	0	-40	0	1	0	0	0	-261920	0	0	448	264
R16:	0	0	0	0	0	0	0	0	0	0	0	0	0	0	0	0

Data
152:	81	0	0	0	0	0	0

--------------------
Cycle:25	808464433	

Registers
R00:	0	0	-142796576	0	0	-40	0	1	0	0	0	-261920	0	0	448	264
R16:	0	0	0	0	0	0	0	0	0	0	0	0	0	0	0	0

Data
152:	81	0	0	0	0	0	0

--------------------
Cycle:26	808464432	

Registers
R00:	0	0	-142796576	0	0	-40	0	1	0	0	0	-261920	0	0	448	264
R16:	0	0	0	0	0	0	0	0	0	0	0	0	0	0	0	0

Data
152:	81	0	0	0	0	0	0

--------------------
Cycle:27	808464433	

Registers
R00:	0	0	-142796576	0	0	-40	0	1	0	0	0	-261920	0	0	448	264
R16:	0	0	0	0	0	0	0	0	0	0	0	0	0	0	0	0

Data
152:	81	0	0	0	0	0	0

--------------------
Cycle:28	808464432	

Registers
R00:	0	0	-142796576	0	0	-40	0	1	0	0	0	-261920	0	0	448	264
R16:	0	0	0	0	0	0	0	0	0	0	0	0	0	0	0	0

Data
152:	81	0	0	0	0	0	0

--------------------
Cycle:29	808464432	

Registers
R00:	0	0	-142796576	0	0	-40	0	1	0	0	0	-261920	0	0	448	264
R16:	0	0	0	0	0	0	0	0	0	0	0	0	0	0	0	0

Data
152:	81	0	0	0	0	0	0

--------------------
Cycle:30	808454704	

Registers
R00:	0	0	-142796576	0	0	-40	0	1	0	0	0	-261920	0	0	448	264
R16:	0	0	0	0	0	0	0	0	0	0	0	0	0	0	0	0

Data
152:	81	0	0	0	0	0	0

--------------------
Cycle:31	808464432	

Registers
R00:	0	0	-142796576	0	0	-40	0	1	0	0	0	-261920	0	0	448	264
R16:	0	0	0	0	0	0	0	0	0	0	0	0	0	0	0	0

Data
152:	81	0	0	0	0	0	0

--------------------
Cycle:32	0	J	#0

Registers
R00:	0	0	-142796576	0	0	-40	0	1	0	0	0	-261920	0	0	448	264
R16:	0	0	0	0	0	0	0	0	0	0	0	0	0	0	0	0

Data
152:	81	0	0	0	0	0	0

--------------------
Cycle:33	170930480	

Registers
R00:	0	0	-142796576	0	0	-40	0	1	0	0	0	-261920	0	0	448	264
R16:	0	0	0	0	0	0	0	0	0	0	0	0	0	0	0	0

Data
152:	81	0	0	0	0	0	0

--------------------
Cycle:34	808464432	

Registers
R00:	0	0	-142796576	0	0	-40	0	1	0	0	0	-261920	0	0	448	264
R16:	0	0	0	0	0	0	0	0	0	0	0	0	0	0	0	0

Data
152:	81	0	0	0	0	0	0

--------------------
Cycle:35	808464689	

Registers
R00:	0	0	-142796576	0	0	-40	0	1	0	0	0	-261920	0	0	448	264
R16:	0	0	0	0	0	0	0	0	0	0	0	0	0	0	0	0

Data
152:	81	0	0	0	0	0	0

--------------------
Cycle:36	808464394	

Registers
R00:	0	0	-142796576	0	0	-40	0	1	0	0	0	-261920	0	0	448	264
R16:	0	0	0	0	0	0	0	0	0	0	0	0	0	0	0	0

Data
152:	81	0	0	0	0	0	0

--------------------
Cycle:37	808464432	

Registers
R00:	0	0	-142796576	0	0	-40	0	1	0	0	0	-261920	0	0	448	264
R16:	0	0	0	0	0	0	0	0	0	0	0	0	0	0	0	0

Data
152:	81	0	0	0	0	0	0

--------------------
Cycle:38	825241904	

Registers
R00:	0	0	-142796576	0	0	-40	0	1	0	0	0	-261920	0	0	448	264
R16:	0	0	0	0	0	0	0	0	0	0	0	0	0	0	0	0

Data
152:	81	0	0	0	0	0	0

--------------------
Cycle:39	825241648	

Registers
R00:	0	0	-142796576	0	0	-40	0	1	0	0	0	-261920	0	0	448	264
R16:	0	0	0	0	0	0	0	0	0	0	0	0	0	0	0	0

Data
152:	81	0	0	0	0	0	0

--------------------
Cycle:40	808464432	

Registers
R00:	0	0	-142796576	0	0	-40	0	1	0	0	0	-261920	0	0	448	264
R16:	0	0	0	0	0	0	0	0	0	0	0	0	0	0	0	0

Data
152:	81	0	0	0	0	0	0

--------------------
Cycle:41	808464433	

Registers
R00:	0	0	-142796576	0	0	-40	0	1	0	0	0	-261920	0	0	448	264
R16:	0	0	0	0	0	0	0	0	0	0	0	0	0	0	0	0

Data
152:	81	0	0	0	0	0	0

--------------------
Cycle:42	808464432	

Registers
R00:	0	0	-142796576	0	0	-40	0	1	0	0	0	-261920	0	0	448	264
R16:	0	0	0	0	0	0	0	0	0	0	0	0	0	0	0	0

Data
152:	81	0	0	0	0	0	0

--------------------
Cycle:43	808464433	

Registers
R00:	0	0	-142796576	0	0	-40	0	1	0	0	0	-261920	0	0	448	264
R16:	0	0	0	0	0	0	0	0	0	0	0	0	0	0	0	0

Data
152:	81	0	0	0	0	0	0

--------------------
Cycle:44	808464432	

Registers
R00:	0	0	-142796576	0	0	-40	0	1	0	0	0	-261920	0	0	448	264
R16:	0	0	0	0	0	0	0	0	0	0	0	0	0	0	0	0

Data
152:	81	0	0	0	0	0	0

--------------------
Cycle:45	808464432	

Registers
R00:	0	0	-142796576	0	0	-40	0	1	0	0	0	-261920	0	0	448	264
R16:	0	0	0	0	0	0	0	0	0	0	0	0	0	0	0	0

Data
152:	81	0	0	0	0	0	0

--------------------
Cycle:46	808454704	

Registers
R00:	0	0	-142796576	0	0	-40	0	1	0	0	0	-261920	0	0	448	264
R16:	0	0	0	0	0	0	0	0	0	0	0	0	0	0	0	0

Data
152:	81	0	0	0	0	0	0

--------------------
Cycle:47	808464432	

Registers
R00:	0	0	-142796576	0	0	-40	0	1	0	0	0	-261920	0	0	448	264
R16:	0	0	0	0	0	0	0	0	0	0	0	0	0	0	0	0

Data
152:	81	0	0	0	0	0	0

--------------------
Cycle:48	0	J	#0

Registers
R00:	0	0	-142796576	0	0	-40	0	1	0	0	0	-261920	0	0	448	264
R16:	0	0	0	0	0	0	0	0	0	0	0	0	0	0	0	0

Data
152:	81	0	0	0	0	0	0

--------------------
Cycle:49	170930480	

Registers
R00:	0	0	-142796576	0	0	-40	0	1	0	0	0	-261920	0	0	448	264
R16:	0	0	0	0	0	0	0	0	0	0	0	0	0	0	0	0

Data
152:	81	0	0	0	0	0	0

--------------------
Cycle:50	808464432	

Registers
R00:	0	0	-142796576	0	0	-40	0	1	0	0	0	-261920	0	0	448	264
R16:	0	0	0	0	0	0	0	0	0	0	0	0	0	0	0	0

Data
152:	81	0	0	0	0	0	0

--------------------
Cycle:51	808464689	

Registers
R00:	0	0	-142796576	0	0	-40	0	1	0	0	0	-261920	0	0	448	264
R16:	0	0	0	0	0	0	0	0	0	0	0	0	0	0	0	0

Data
152:	81	0	0	0	0	0	0

--------------------
Cycle:52	808464394	

Registers
R00:	0	0	-142796576	0	0	-40	0	1	0	0	0	-261920	0	0	448	264
R16:	0	0	0	0	0	0	0	0	0	0	0	0	0	0	0	0

Data
152:	81	0	0	0	0	0	0

--------------------
Cycle:53	808464432	

Registers
R00:	0	0	-142796576	0	0	-40	0	1	0	0	0	-261920	0	0	448	264
R16:	0	0	0	0	0	0	0	0	0	0	0	0	0	0	0	0

Data
152:	81	0	0	0	0	0	0

--------------------
Cycle:54	825241904	

Registers
R00:	0	0	-142796576	0	0	-40	0	1	0	0	0	-261920	0	0	448	264
R16:	0	0	0	0	0	0	0	0	0	0	0	0	0	0	0	0

Data
152:	81	0	0	0	0	0	0

--------------------
Cycle:55	825241648	

Registers
R00:	0	0	-142796576	0	0	-40	0	1	0	0	0	-261920	0	0	448	264
R16:	0	0	0	0	0	0	0	0	0	0	0	0	0	0	0	0

Data
152:	81	0	0	0	0	0	0

--------------------
Cycle:56	808464432	

Registers
R00:	0	0	-142796576	0	0	-40	0	1	0	0	0	-261920	0	0	448	264
R16:	0	0	0	0	0	0	0	0	0	0	0	0	0	0	0	0

Data
152:	81	0	0	0	0	0	0

--------------------
Cycle:57	808464433	

Registers
R00:	0	0	-142796576	0	0	-40	0	1	0	0	0	-261920	0	0	448	264
R16:	0	0	0	0	0	0	0	0	0	0	0	0	0	0	0	0

Data
152:	81	0	0	0	0	0	0

--------------------
Cycle:58	808464432	

Registers
R00:	0	0	-142796576	0	0	-40	0	1	0	0	0	-261920	0	0	448	264
R16:	0	0	0	0	0	0	0	0	0	0	0	0	0	0	0	0

Data
152:	81	0	0	0	0	0	0

--------------------
Cycle:59	808464433	

Registers
R00:	0	0	-142796576	0	0	-40	0	1	0	0	0	-261920	0	0	448	264
R16:	0	0	0	0	0	0	0	0	0	0	0	0	0	0	0	0

Data
152:	81	0	0	0	0	0	0

--------------------
Cycle:60	808464432	

Registers
R00:	0	0	-142796576	0	0	-40	0	1	0	0	0	-261920	0	0	448	264
R16:	0	0	0	0	0	0	0	0	0	0	0	0	0	0	0	0

Data
152:	81	0	0	0	0	0	0

--------------------
Cycle:61	808464432	

Registers
R00:	0	0	-142796576	0	0	-40	0	1	0	0	0	-261920	0	0	448	264
R16:	0	0	0	0	0	0	0	0	0	0	0	0	0	0	0	0

Data
152:	81	0	0	0	0	0	0

--------------------
Cycle:62	808454704	

Registers
R00:	0	0	-142796576	0	0	-40	0	1	0	0	0	-261920	0	0	448	264
R16:	0	0	0	0	0	0	0	0	0	0	0	0	0	0	0	0

Data
152:	81	0	0	0	0	0	0

--------------------
Cycle:63	808464432	

Registers
R00:	0	0	-142796576	0	0	-40	0	1	0	0	0	-261920	0	0	448	264
R16:	0	0	0	0	0	0	0	0	0	0	0	0	0	0	0	0

Data
152:	81	0	0	0	0	0	0

--------------------
Cycle:64	0	J	#0

Registers
R00:	0	0	-142796576	0	0	-40	0	1	0	0	0	-261920	0	0	448	264
R16:	0	0	0	0	0	0	0	0	0	0	0	0	0	0	0	0

Data
152:	81	0	0	0	0	0	0

--------------------
Cycle:65	170930480	

Registers
R00:	0	0	-142796576	0	0	-40	0	1	0	0	0	-261920	0	0	448	264
R16:	0	0	0	0	0	0	0	0	0	0	0	0	0	0	0	0

Data
152:	81	0	0	0	0	0	0

--------------------
Cycle:66	808464432	

Registers
R00:	0	0	-142796576	0	0	-40	0	1	0	0	0	-261920	0	0	448	264
R16:	0	0	0	0	0	0	0	0	0	0	0	0	0	0	0	0

Data
152:	81	0	0	0	0	0	0

--------------------
Cycle:67	808464689	

Registers
R00:	0	0	-142796576	0	0	-40	0	1	0	0	0	-261920	0	0	448	264
R16:	0	0	0	0	0	0	0	0	0	0	0	0	0	0	0	0

Data
152:	81	0	0	0	0	0	0

--------------------
Cycle:68	808464394	

Registers
R00:	0	0	-142796576	0	0	-40	0	1	0	0	0	-261920	0	0	448	264
R16:	0	0	0	0	0	0	0	0	0	0	0	0	0	0	0	0

Data
152:	81	0	0	0	0	0	0

--------------------
Cycle:69	808464432	

Registers
R00:	0	0	-142796576	0	0	-40	0	1	0	0	0	-261920	0	0	448	264
R16:	0	0	0	0	0	0	0	0	0	0	0	0	0	0	0	0

Data
152:	81	0	0	0	0	0	0

--------------------
Cycle:70	825241904	

Registers
R00:	0	0	-142796576	0	0	-40	0	1	0	0	0	-261920	0	0	448	264
R16:	0	0	0	0	0	0	0	0	0	0	0	0	0	0	0	0

Data
152:	81	0	0	0	0	0	0

--------------------
Cycle:71	825241648	

Registers
R00:	0	0	-142796576	0	0	-40	0	1	0	0	0	-261920	0	0	448	264
R16:	0	0	0	0	0	0	0	0	0	0	0	0	0	0	0	0

Data
152:	81	0	0	0	0	0	0

--------------------
Cycle:72	808464432	

Registers
R00:	0	0	-142796576	0	0	-40	0	1	0	0	0	-261920	0	0	448	264
R16:	0	0	0	0	0	0	0	0	0	0	0	0	0	0	0	0

Data
152:	81	0	0	0	0	0	0

--------------------
Cycle:73	808464433	

Registers
R00:	0	0	-142796576	0	0	-40	0	1	0	0	0	-261920	0	0	448	264
R16:	0	0	0	0	0	0	0	0	0	0	0	0	0	0	0	0

Data
152:	81	0	0	0	0	0	0

--------------------
Cycle:74	808464432	

Registers
R00:	0	0	-142796576	0	0	-40	0	1	0	0	0	-261920	0	0	448	264
R16:	0	0	0	0	0	0	0	0	0	0	0	0	0	0	0	0

Data
152:	81	0	0	0	0	0	0

--------------------
Cycle:75	808464433	

Registers
R00:	0	0	-142796576	0	0	-40	0	1	0	0	0	-261920	0	0	448	264
R16:	0	0	0	0	0	0	0	0	0	0	0	0	0	0	0	0

Data
152:	81	0	0	0	0	0	0

--------------------
Cycle:76	808464432	

Registers
R00:	0	0	-142796576	0	0	-40	0	1	0	0	0	-261920	0	0	448	264
R16:	0	0	0	0	0	0	0	0	0	0	0	0	0	0	0	0

Data
152:	81	0	0	0	0	0	0

--------------------
Cycle:77	808464432	

Registers
R00:	0	0	-142796576	0	0	-40	0	1	0	0	0	-261920	0	0	448	264
R16:	0	0	0	0	0	0	0	0	0	0	0	0	0	0	0	0

Data
152:	81	0	0	0	0	0	0

--------------------
Cycle:78	808454704	

Registers
R00:	0	0	-142796576	0	0	-40	0	1	0	0	0	-261920	0	0	448	264
R16:	0	0	0	0	0	0	0	0	0	0	0	0	0	0	0	0

Data
152:	81	0	0	0	0	0	0

--------------------
Cycle:79	808464432	

Registers
R00:	0	0	-142796576	0	0	-40	0	1	0	0	0	-261920	0	0	448	264
R16:	0	0	0	0	0	0	0	0	0	0	0	0	0	0	0	0

Data
152:	81	0	0	0	0	0	0

--------------------
Cycle:80	0	J	#0

Registers
R00:	0	0	-142796576	0	0	-40	0	1	0	0	0	-261920	0	0	448	264
R16:	0	0	0	0	0	0	0	0	0	0	0	0	0	0	0	0

Data
152:	81	0	0	0	0	0	0

--------------------
Cycle:81	170930480	

Registers
R00:	0	0	-142796576	0	0	-40	0	1	0	0	0	-261920	0	0	448	264
R16:	0	0	0	0	0	0	0	0	0	0	0	0	0	0	0	0

Data
152:	81	0	0	0	0	0	0

--------------------
Cycle:82	808464432	

Registers
R00:	0	0	-142796576	0	0	-40	0	1	0	0	0	-261920	0	0	448	264
R16:	0	0	0	0	0	0	0	0	0	0	0	0	0	0	0	0

Data
152:	81	0	0	0	0	0	0

--------------------
Cycle:83	808464689	

Registers
R00:	0	0	-142796576	0	0	-40	0	1	0	0	0	-261920	0	0	448	264
R16:	0	0	0	0	0	0	0	0	0	0	0	0	0	0	0	0

Data
152:	81	0	0	0	0	0	0

--------------------
Cycle:84	808464394	

Registers
R00:	0	0	-142796576	0	0	-40	0	1	0	0	0	-261920	0	0	448	264
R16:	0	0	0	0	0	0	0	0	0	0	0	0	0	0	0	0

Data
152:	81	0	0	0	0	0	0

--------------------
Cycle:85	808464432	

Registers
R00:	0	0	-142796576	0	0	-40	0	1	0	0	0	-261920	0	0	448	264
R16:	0	0	0	0	0	0	0	0	0	0	0	0	0	0	0	0

Data
152:	81	0	0	0	0	0	0

--------------------
Cycle:86	825241904	

Registers
R00:	0	0	-142796576	0	0	-40	0	1	0	0	0	-261920	0	0	448	264
R16:	0	0	0	0	0	0	0	0	0	0	0	0	0	0	0	0

Data
152:	81	0	0	0	0	0	0

--------------------
Cycle:87	825241648	

Registers
R00:	0	0	-142796576	0	0	-40	0	1	0	0	0	-261920	0	0	448	264
R16:	0	0	0	0	0	0	0	0	0	0	0	0	0	0	0	0

Data
152:	81	0	0	0	0	0	0

--------------------
Cycle:88	808464432	

Registers
R00:	0	0	-142796576	0	0	-40	0	1	0	0	0	-261920	0	0	448	264
R16:	0	0	0	0	0	0	0	0	0	0	0	0	0	0	0	0

Data
152:	81	0	0	0	0	0	0

--------------------
Cycle:89	808464433	

Registers
R00:	0	0	-142796576	0	0	-40	0	1	0	0	0	-261920	0	0	448	264
R16:	0	0	0	0	0	0	0	0	0	0	0	0	0	0	0	0

Data
152:	81	0	0	0	0	0	0

--------------------
Cycle:90	808464432	

Registers
R00:	0	0	-142796576	0	0	-40	0	1	0	0	0	-261920	0	0	448	264
R16:	0	0	0	0	0	0	0	0	0	0	0	0	0	0	0	0

Data
152:	81	0	0	0	0	0	0

--------------------
Cycle:91	808464433	

Registers
R00:	0	0	-142796576	0	0	-40	0	1	0	0	0	-261920	0	0	448	264
R16:	0	0	0	0	0	0	0	0	0	0	0	0	0	0	0	0

Data
152:	81	0	0	0	0	0	0

--------------------
Cycle:92	808464432	

Registers
R00:	0	0	-142796576	0	0	-40	0	1	0	0	0	-261920	0	0	448	264
R16:	0	0	0	0	0	0	0	0	0	0	0	0	0	0	0	0

Data
152:	81	0	0	0	0	0	0

--------------------
Cycle:93	808464432	

Registers
R00:	0	0	-142796576	0	0	-40	0	1	0	0	0	-261920	0	0	448	264
R16:	0	0	0	0	0	0	0	0	0	0	0	0	0	0	0	0

Data
152:	81	0	0	0	0	0	0

--------------------
Cycle:94	808454704	

Registers
R00:	0	0	-142796576	0	0	-40	0	1	0	0	0	-261920	0	0	448	264
R16:	0	0	0	0	0	0	0	0	0	0	0	0	0	0	0	0

Data
152:	81	0	0	0	0	0	0

--------------------
Cycle:95	808464432	

Registers
R00:	0	0	-142796576	0	0	-40	0	1	0	0	0	-261920	0	0	448	264
R16:	0	0	0	0	0	0	0	0	0	0	0	0	0	0	0	0

Data
152:	81	0	0	0	0	0	0

--------------------
Cycle:96	0	J	#0

Registers
R00:	0	0	-142796576	0	0	-40	0	1	0	0	0	-261920	0	0	448	264
R16:	0	0	0	0	0	0	0	0	0	0	0	0	0	0	0	0

Data
152:	81	0	0	0	0	0	0

--------------------
Cycle:97	170930480	

Registers
R00:	0	0	-142796576	0	0	-40	0	1	0	0	0	-261920	0	0	448	264
R16:	0	0	0	0	0	0	0	0	0	0	0	0	0	0	0	0

Data
152:	81	0	0	0	0	0	0

--------------------
Cycle:98	808464432	

Registers
R00:	0	0	-142796576	0	0	-40	0	1	0	0	0	-261920	0	0	448	264
R16:	0	0	0	0	0	0	0	0	0	0	0	0	0	0	0	0

Data
152:	81	0	0	0	0	0	0

--------------------
Cycle:99	808464689	

Registers
R00:	0	0	-142796576	0	0	-40	0	1	0	0	0	-261920	0	0	448	264
R16:	0	0	0	0	0	0	0	0	0	0	0	0	0	0	0	0

Data
152:	81	0	0	0	0	0	0

--------------------
Cycle:100	808464394	

Registers
R00:	0	0	-142796576	0	0	-40	0	1	0	0	0	-261920	0	0	448	264
R16:	0	0	0	0	0	0	0	0	0	0	0	0	0	0	0	0

Data
152:	81	0	0	0	0	0	0

--------------------
Cycle:101	808464432	

Registers
R00:	0	0	-142796576	0	0	-40	0	1	0	0	0	-261920	0	0	448	264
R16:	0	0	0	0	0	0	0	0	0	0	0	0	0	0	0	0

Data
152:	81	0	0	0	0	0	0

